1. 72821122867 190
2. 72809360723 189
3. 72710548757 189
4. 72822275619 189
5. 72672113767 189
6. 72745660240 189
7. 72645230309 188
8. 72779669998 188
9. FORRAIB 186
10. 72802092881 186
11. 72799338339 186
12. 72823074025 185
13. 72793299654 184
14. 72822220227 183
15. 72800041631 182
16. 72799961616 182
17. 72749337923 182
18. 72801337827 181
19. 72674781052 181
20. 72647109541 180
21. 72674773159 180
22. 72801861463 180
23. 72820818071 179.5
24. 72669858729 177
25. 72798804244 175.5
26. 72820715038 174
27. 72821278151 174
28. 72797639772 173
29. 72823886718 172
30. 72690272117 171
31. 72668001399 171
32. 72798408199 169.5
33. 73328644389 168.5
34. 72673938361 168
35. 72779448271 166.5
36. 72822613476 166
37. 72820909926 166
38. 72768785916 165
39. 72797563638 164
40. 72640927390 163
41. 72804413940 163
42. 72784568655 162
43. 72798845292 158.5
44. 72909299636 158.5
45. 72735696651 158
46. 72669817056 158
47. 72672139128 158
48. 72780141858 157
49. 72801160154 154.5
50. 73616034456 151.5
51. 72798682366 148
52. 72647101848 147
53. 72800142456 141
54. 72799587530 140.5
55. 72681125856 140
56. 72820178044 140
57. 72642604129 139.5
58. 72641073192 139.5
59. 72821366791 139
60. 72801137209 138
61. 72746199681 137.5
62. 72797463122 137
63. 72798269611 136
64. 72821250900 135.5
65. 72691263954 135
66. 72668970869 130.5
67. 72629936535 129.5
68. 72820716868 129
69. 72820772796 127
70. 72798109814 122
71. 72802080601 118
72. 72800072478 116.5
73. kobold0702 114
74. 72823442604 110
75. 72614752101 101.5
76. KR2008 101
1. 72823074025 191
2. 72821122867 190
3. 72779669998 189
4. 72710548757 189
5. 72821366791 187
6. 72809360723 185
7. 72784537470 184
8. SAJTFOTÓ 178
9. 72672113767 177.5
10. 72668001399 175
11. 72800041631 175
12. 72645230309 173
13. 72801861463 172
14. 72822384758 171.5
15. 72681581697 171
16. 72606393690 170.5
17. 72799338339 169.5
18. FORRAIB 169
19. 72797701672 168.5
20. 72669858729 168.5
21. 72801337827 168
22. 72801243005 168
23. 72820719805 167
24. 72798408199 166
25. 72669817056 165
26. 72690272117 164
27. 72820624390 163
28. 72799519100 162
29. 72674781052 162
30. 72821278151 162
31. 72669011380 160.25
32. 73436236462 160
33. 72797563638 159
34. 72798682366 158
35. 72798635894 158
36. 72823886718 157
37. 72784568655 157
38. 72822220227 156
39. 72873232089 155
40. 72798752881 151
41. 72820715038 151
42. 72768686589 147
43. 72640927390 146.5
44. 72641073192 145
45. 72800016272 144.5
46. 72788020554 144
47. 72707405921 143
48. 72822613476 142
49. 72820656957 140.5
50. 72798109814 140
51. 72820178044 140
52. 72822696719 138
53. 72797463122 137
54. Nárcisz 135
55. 72788528077 133
56. burkus 133
57. 72799587530 132
58. 72637727315 129
59. 72681125856 127
60. 72801160154 127
61. 72798165967 126.5
62. 72820716868 126
63. 72822381863 124
64. 72637718441 121.5
65. 72800072478 120
66. 72801137209 119.5
67. 72758379163 119
68. 72614752101 116
69. 72802080601 116
70. 72798779740 109
71. 72812741338 105.5
72. 72791773745 97.5
73. 72799815645 91.5
74. 72799820449 58.5
1. 72613394123 192
2. 72779669998 188
3. 72823453288 185
4. 72799338339 183
5. 72820489661 183
6. FORRAIB 181
7. 72800041631 181
8. 72801337827 181
9. 72822384758 180
10. 72674773159 180
11. 72801243005 179
12. 72799519100 175
13. 72673938361 173
14. 72801011207 173
15. 72804413940 173
16. 72659005450 171
17. 72798408199 171
18. 72798845292 169
19. 72808755364 169
20. 72681581697 169
21. 72690272117 167
22. 72798109814 167
23. 72823886718 167
24. 72641073192 166
25. 72640927390 165
26. 72606393690 165
27. 72801137209 162
28. 72629936535 162
29. 72798165967 156
30. 72681125856 150
31. 72788528077 149
32. 72647101848 147
33. 72822381863 146
34. 72800955609 144
35. 72629167411 140
36. 72798475683 139
37. 72797463122 137
38. 72758379163 136
39. 72823442604 135
40. Lóbelt Ledfold 132
41. 72821278151 132
42. Negro78 127
43. 72799746780 125
44. 72791986190 123
45. 72822333338 122
46. 72822696719 119
47. 72799910359 116
48. 72791321059 115
49. 72799587530 113
50. 72799192261 113
51. 72738126564 109
52. 72801186188 105
53. 72762997213 97
54. 72821219188 91
55. KR2008 89
56. 72762791184 86
1. csocso11 192
2. 72801841578 188
3. 72672113767 187.5
4. 72999625299 185
5. 72820719805 183
6. 72822281518 181
7. 72820938570 180
8. 72801361125 180
9. 72642444366 180
10. 72802324298 178
11. 72799570328 178
11. 73599470122 178
13. 72669011380 176
14. Elefánt 176
15. 72801243005 175
16. 72798635894 175
17. syama 174
18. 72823711168 173
19. 72669817056 173
20. 72798093581 173
21. 72798804244 172
22. MZPERX 172
23. 72799274705 171
24. 72637720083 171
25. 72669858729 170.5
26. burkus 170
27. 72821366791 169
28. 72823667678 169
29. 72823708340 168.5
30. 72788785969 168.25
31. 72798408199 168
32. 72798752881 168
33. 72702623454 166
34. 72775836283 165
35. 72822628559 165
36. 73436236462 164
37. 72822139214 163
38. 72800016272 161.5
39. 72791274271 161
40. 72809478993 161
41. 72797701672 160.5
42. 72979123333 160
43. 72821212463 160
44. 72792443190 159.5
45. 72873232089 159
46. 72798682366 158
47. 72688713090 157
48. 72788726064 156.5
49. 72637724903 156.5
50. RAMI01 156
51. DARWIN 156
52. 72820656957 154.5
53. 72797563638 154
54. 72799192261 154
55. 72798779740 154
56. MINERVA 154
57. 72779448271 153
58. 72641463385 152.5
59. 72823415750 151
60. Szeder1 151
61. 84327952859 148
62. LÍVIA2020 148
63. 72820716868 148
64. 72823813631 147
65. 72821381733 146.5
66. 72791496260 144.5
67. 72822613476 144
68. 73078693329 143
69. 72812741338 141.5
70. 72823349646 141
71. 72944535735 140
72. 72799774874 140
73. 72801217373 139
74. Mankó 139
75. 72798773700 139
76. 72794688352 138
77. 72861968659 138
78. 72797463122 137
79. 72823895673 136
80. 72800209662 136
81. 72823555475 136
82. 72637718441 135.5
83. 72617990804 135.5
84. 72669745930 134
85. 72798662855 134
86. 72799815645 133.5
87. 72821372547 133
88. 72758379163 133
89. Lóbelt Ledfold 132
90. 72801860733 131.5
91. Siluka 131
92. 72797208658 130
93. 72800230405 128
94. 72745517852 128
95. 72820673493 127.5
96. 72789233039 126.5
97. malac18 124.5
98. 72772613711 124.5
99. 72791470362 123.5
100. 72666134206 121
101. 72738126564 120.5
102. 72706849718 118
103. 72623049134 118
104. 72774870988 114
105. 72823713654 111.5
106. 72780348223 110
107. 72799580057 102
108. JÉGVIRÁG 102
109. H.ZSUZSI 91
110. 73061244659 87
111. 72799820449 73.5
1. 73328644389 184
2. 72722116084 184
3. 72799338339 183.5
4. 72757918291 182
5. 72794851460 180
6. 72788785969 180
7. burkus 180
8. 72797799337 180
9. 72822689563 179
10. 72799093165 178.5
11. syama 178
12. 72642444366 178
13. 72821085235 177
14. 72823438414 176.5
15. 72820715038 176
16. Domenzió 175
17. 72778968787 175
18. 72798093581 174
19. 72800065366 173
20. 72820944157 172
21. 72614761307 171
22. 72823500421 171
23. 72797701672 170.5
24. 72820730295 170
25. 72691608640 170
26. 72800777178 169.5
27. 72788726064 169.5
28. 72735696651 168
29. 72624925163 167.5
30. 72744915031 167
31. 72677183263 167
32. 72637723129 166
33. 72706849718 166
34. 72799153568 166
35. 72821260925 164.5
36. FFANNI64 164
37. 72800142456 162.5
38. 72728816464 162
39. 72798109814 162
40. 72798752881 160
41. Siluka 160
42. 72667361227 159
43. MINERVA 159
44. 72823380664 159
45. 72820706496 159
46. 72673001068 158
47. 72783002651 157.5
48. 72763826275 157
49. 72802011417 157
50. 72801137209 155.5
51. 72672868852 155.5
52. 72822347772 153
53. 72799780826 153
54. YAEMIKO 153
55. 72798572631 153
56. 72637727315 152
57. 72613401380 152
58. 72797563638 152
59. 72822182494 150
60. 72821072602 148.5
61. 72799069956 146.5
62. csocso11 144
63. 72823573197 142.5
64. 72798475683 142
65. 72800203041 142
66. 72802384189 141.5
67. 72805534047 141
68. 72821178100 140
69. 72820178044 140
70. Beatles 139.75
71. 72791496260 139.5
72. 72758379163 139
73. 72822128041 138.25
74. 72820717909 138
75. 72821098108 138
76. 72823555475 136
77. 72614752101 135
78. 72822315189 133
79. 72800951412 128.5
80. 72821188751 128.5
81. kubocsa 128
82. PARADICSOM 122
83. 72823708340 121.5
84. 72801004516 113.5
85. 72791321059 113.5
86. 72821418575 107
87. 72617990804 106.5
88. 72800230405 102
1. 72821098108 188
2. 72823453288 186
3. 72797799337 182
4. 72672085493 179
5. Legolas08 179
6. 72799570328 177
7. 72798104219 174
8. 72672139128 174
9. 72821109210 172
10. 72691608640 171
11. 72797516870 170.5
12. 72788785969 170
13. 72805563414 168
14. 72800065366 167
15. 72823553390 167
16. 72677183263 167
17. GOODLUCK07 166
18. 72756305779 166
19. 72797685819 165
20. 72789246064 165
21. 72667361227 164
22. 72821250900 164
23. 72800777178 163.5
24. 72799666465 162.5
25. 72624925163 162.5
26. 84327953936 160
27. 72672868852 159.5
28. 72614760678 158.5
29. 72651473160 158
30. ROOSEVELT 157
31. 72820843771 155
32. 72820944157 155
33. 73052761685 153
34. 72763826275 151
35. 72673001068 149
36. 72798109814 146
37. 72749826678 146
38. 72823621033 145
39. 72658958477 143.5
40. 72659005450 140.5
41. 72820938570 140
42. 72779669998 139
43. 72798154337 139
44. 72823551135 135
45. 72799869341 135
46. 72681125856 132
47. 72802384189 131.5
48. 72823415750 131
49. 72822314000 129
50. 72606405610 128
51. 72669858729 126.5
52. 72799874350 126
53. 72823067441 125
54. 72614752101 123
55. 72789807695 122.5
56. PARADICSOM 122
57. 72821212463 117
58. 72799903283 107.5
59. 72672062069 107
60. 72812741338 105.5
61. 72800955609 105
62. 72791773745 104.5
63. H.ZSUZSI 90
64. 72993071943 89.5
65. 72800150082 64.5
